0.0 0.0 123.84 8.9998848 
68.27991056823356 51.53916620077078 28.803570667934643 67.878222144825 
29.3600251431659 52.015860563078235 91.36035860498745 45.12139410155466 
33.600074135797755 63.240886632843726 198.91756681158225 48.06114388338487 
28.79511231761952 49.01315008998748 0.0 39.120106138943974 
0.0 224.32813435516454 25.869034936002205 13.267605765408911 
0.0 111.18425480112829 -8.137452503162358 0.0 
24.00591895496239 8.323475436452854 26.978838329243096 40.9392163650123 
17.423899637223247 9.64776536636496 14.577824144742044 98.20873596500672 
81.69241411253694 19.444412252238294 11.01764357127493 27.698347975016002 
32.2723694159457 13.750454812976272 15.839480411774673 32.73864444600604 
105.75166600057202 17.310781108481837 9.681475253239858 25.807270917197002 
33.713640934530645 58.68961512527249 -1.400140822691644 2.6504143836752565 
26.85877424737739 22.736268322743005 20.712921073828387 91.19424551906708 
1.7981443889142563 33.290936086972636 50.81218169614088 37.14151214966313 
45.74545367039999 138.2939170289556 54.189644799999996 0.0 
0.0 123.25100971340915 0.0 0.0 
